2024-11-14 00:58:38,14329,3823,10506
2024-11-14 01:58:18,14831,3716,11115
2024-11-14 02:59:05,12575,3010,9565
2024-11-14 04:00:21,10809,2329,8480
2024-11-14 04:58:37,8321,1693,6628
2024-11-14 05:59:57,6835,1319,5516
2024-11-14 07:01:24,6363,1106,5257
2024-11-14 08:02:20,6168,1259,4909
2024-11-14 09:04:24,6108,1172,4936
2024-11-14 10:04:27,5843,1083,4760
2024-11-14 11:05:51,5944,1095,4849
2024-11-14 12:05:10,6387,1260,5127
2024-11-14 13:05:21,7483,1578,5905
2024-11-14 14:07:27,8287,1812,6475
2024-11-14 15:06:43,9459,1985,7474
2024-11-14 16:04:55,10722,2381,8341
2024-11-14 17:05:20,11141,2612,8529
2024-11-14 18:06:37,12052,2824,9228
2024-11-14 19:08:32,13162,2983,10179
2024-11-14 20:09:30,13328,3049,10279
2024-11-14 21:11:25,12903,2873,10030
2024-11-14 22:12:46,15431,3745,11686
2024-11-14 23:11:08,11621,3566,8055
2024-11-15 00:10:48,15011,4187,10824
2024-11-15 01:11:33,15006,4291,10715
2024-11-15 02:11:12,14387,3754,10633
2024-11-15 03:11:05,12646,3041,9605
2024-11-15 04:11:16,10862,2419,8443
2024-11-15 05:10:07,9127,1874,7253
2024-11-15 06:09:24,7929,1638,6291
2024-11-15 07:11:31,6864,1389,5475
2024-11-15 08:13:19,6820,1479,5341
2024-11-15 08:58:50,6572,1355,5217
2024-11-15 09:57:50,6099,1263,4836
2024-11-15 10:59:24,6634,1305,5329
2024-11-15 12:00:22,7084,1433,5651
2024-11-15 12:59:38,8062,1752,6310
2024-11-15 13:59:17,9320,2079,7241
2024-11-15 15:00:03,10277,2384,7893
2024-11-15 15:59:26,11515,2790,8725
2024-11-15 17:01:08,12425,3009,9416
2024-11-15 18:00:38,12945,3169,9776
2024-11-15 19:00:32,13783,3195,10588
2024-11-15 20:02:19,14270,3287,10983
2024-11-15 21:02:52,14122,3178,10944
2024-11-15 22:02:18,13733,3124,10609
2024-11-15 23:03:26,13306,3228,10078
2024-11-16 00:03:32,14577,3607,10970
2024-11-16 01:04:50,15159,4214,10945
2024-11-16 02:06:00,14712,3845,10867
2024-11-16 03:05:48,13703,3163,10540
2024-11-16 04:07:41,11405,2496,8909
2024-11-16 05:09:17,8750,1771,6979
2024-11-16 06:09:02,8160,1712,6448
2024-11-16 07:08:09,6946,1442,5504
2024-11-16 08:09:14,6392,1261,5131
2024-11-16 09:11:20,6447,1341,5106
2024-11-16 10:12:38,6403,1393,5010
2024-11-16 11:14:20,7113,1412,5701
2024-11-16 12:15:53,7569,1632,5937
2024-11-16 13:14:38,8587,1922,6665
2024-11-16 14:14:52,10114,2258,7856
2024-11-16 15:17:01,11424,2606,8818
2024-11-16 16:03:44,12302,2817,9485
2024-11-16 17:04:40,13208,3109,10099
2024-11-16 18:06:14,14849,3679,11170
2024-11-16 19:07:00,15378,3706,11672
2024-11-16 20:04:35,16275,3711,12564
2024-11-16 21:01:26,15980,3532,12448
2024-11-16 22:02:45,16011,3608,12403
2024-11-16 23:02:10,15860,3511,12349
2024-11-17 00:01:27,16612,3841,12771
2024-11-17 01:03:20,16917,4210,12707
2024-11-17 02:01:02,16426,3895,12531
2024-11-17 03:00:25,15137,3363,11774
2024-11-17 04:03:07,12387,2634,9753
2024-11-17 05:00:53,11080,2152,8928
2024-11-17 06:02:48,8311,1603,6708
2024-11-17 07:00:53,7401,1396,6005
2024-11-17 08:01:17,6823,1216,5607
2024-11-17 09:02:52,6637,1348,5289
2024-11-17 10:04:00,6711,1397,5314
2024-11-17 11:03:44,7171,1494,5677
2024-11-17 12:00:28,7708,1623,6085
2024-11-17 13:04:39,8845,2016,6829
2024-11-17 14:01:20,9933,2201,7732
2024-11-17 15:00:40,11356,2534,8822
2024-11-17 16:03:19,12581,3026,9555
2024-11-17 17:01:37,14288,3401,10887
2024-11-17 18:01:00,15642,3898,11744
2024-11-17 19:04:10,16844,4204,12640
2024-11-17 20:00:30,17402,4106,13296
2024-11-17 21:01:50,17184,3871,13313
2024-11-17 22:00:25,16441,3621,12820
2024-11-17 23:00:53,16085,3750,12335
2024-11-18 00:03:35,16000,4020,11980
2024-11-18 01:00:51,15664,4092,11572
2024-11-18 02:03:11,14450,3420,11030
2024-11-18 03:03:19,12386,2758,9628
2024-11-18 04:00:40,10557,2111,8446
2024-11-18 05:04:34,8615,1676,6939
2024-11-18 06:03:38,7021,1329,5692
2024-11-18 07:00:42,6232,1176,5056
2024-11-18 08:03:37,6044,1238,4806
2024-11-18 09:04:46,5948,1212,4736
2024-11-18 10:01:53,5724,1130,4594
2024-11-18 11:02:14,5963,1122,4841
2024-11-18 12:01:59,6497,1291,5206
2024-11-18 13:03:03,7390,1501,5889
2024-11-18 14:02:54,8168,1822,6346
2024-11-18 15:02:03,9010,1962,7048
2024-11-18 16:00:42,10143,2392,7751
2024-11-18 17:01:43,10636,2602,8034
2024-11-18 18:04:51,11952,2826,9126
2024-11-18 19:02:16,12510,2953,9557
2024-11-18 20:02:06,13350,3068,10282
2024-11-18 21:04:45,12557,2737,9820
2024-11-18 22:02:52,12321,2706,9615
2024-11-18 23:03:43,12119,2759,9360
2024-11-19 00:00:35,12683,3195,9488
2024-11-19 01:03:37,13208,3722,9486
2024-11-19 02:02:39,13250,3402,9848
2024-11-19 03:03:21,11734,2801,8933
2024-11-19 04:00:50,10339,2255,8084
2024-11-19 05:03:20,8228,1692,6536
2024-11-19 06:02:33,6841,1308,5533
2024-11-19 07:01:32,6248,1165,5083
2024-11-19 08:02:52,5925,1117,4808
2024-11-19 09:03:32,5525,1133,4392
2024-11-19 10:02:51,5621,1071,4550
2024-11-19 11:01:10,5828,1038,4790
2024-11-19 12:02:07,6798,1286,5512
2024-11-19 13:03:35,7597,1536,6061
2024-11-19 14:01:09,8213,1716,6497
2024-11-19 15:04:29,9297,2011,7286
2024-11-19 16:01:59,10465,2341,8124
2024-11-19 17:01:12,7870,2606,5264
2024-11-19 18:03:32,12326,2888,9438
2024-11-19 19:02:13,13237,3086,10151
2024-11-19 20:00:47,13838,3151,10687
2024-11-19 21:04:02,13457,2850,10607
2024-11-19 22:00:50,13200,2823,10377
2024-11-19 23:01:29,12910,2872,10038
2024-11-20 00:03:10,13718,3504,10214
2024-11-20 01:01:07,14682,3820,10862
2024-11-20 02:00:13,14778,3676,11102
2024-11-20 03:05:07,13285,3011,10274
2024-11-20 04:03:44,11337,2353,8984
2024-11-20 05:00:59,9460,1807,7653
2024-11-20 06:00:55,8353,1406,6947
2024-11-20 07:05:04,7130,1171,5959
2024-11-20 08:01:48,6300,1205,5095
2024-11-20 09:04:49,6700,1231,5469
2024-11-20 10:03:42,6930,1249,5681
